100 100
11 2 87 56 13 85 49 18 67 25 59 81 2 83 0 46 41 80 73 4 50 32 80 97 10 21 92 47 21 87 78 30 96 58 46 50 27 30 30 45 30 24 38 39 73 24 81 51 45 72 98 6 90 54 39 78 22 90 45 91 93 2 96 80 46 29 85 43 36 50 19 10 50 28 73 25 94 40 23 86 39 40 1 48 89 72 39 42 18 67 28 37 84 39 51 28 28 57 93 44 
39 37 14 95 53 87 55 62 80 14 83 81 66 59 51 53 1 47 91 73 90 42 25 69 22 81 26 10 76 45 97 37 47 79 47 2 25 6 95 1 16 76 61 4 83 46 70 25 87 98 26 80 65 19 54 96 12 45 72 71 60 45 86 35 16 46 33 87 11 49 27 94 52 89 56 13 81 20 85 75 11 1 23 77 18 17 71 27 25 50 89 79 33 23 41 71 90 25 88 37 
13 83 13 38 71 32 27 76 62 40 15 92 60 97 60 59 21 8 17 98 75 5 62 60 59 47 61 28 48 85 22 55 31 47 61 27 87 84 6 86 89 95 65 84 35 97 19 35 62 81 49 82 8 89 62 7 21 52 78 23 70 98 27 77 18 59 60 12 35 32 72 37 1 31 8 79 40 77 25 62 28 25 65 66 35 39 47 42 85 54 6 34 5 82 15 91 67 87 65 76 
36 6 0 29 9 12 80 77 80 82 66 43 27 16 95 45 32 60 42 78 12 17 26 81 26 37 31 19 15 17 12 53 12 48 25 21 25 35 57 22 58 69 61 3 87 63 6 89 87 69 58 6 44 86 64 18 79 18 3 71 80 61 61 63 70 13 30 79 90 73 20 96 3 19 20 42 56 23 94 62 31 42 31 46 58 5 8 25 84 6 42 6 32 86 42 97 7 97 33 73 
32 27 99 14 49 61 3 25 66 21 62 55 24 41 40 38 30 15 4 64 4 5 94 83 31 13 64 16 77 22 34 58 90 20 29 3 42 16 96 97 1 83 58 62 44 86 82 91 45 3 66 92 93 68 68 27 32 15 83 36 97 87 47 43 86 3 65 4 11 36 95 13 18 7 62 21 46 31 39 44 31 73 70 73 56 42 65 22 51 2 71 27 33 60 0 14 35 14 75 40 
20 77 80 9 7 53 73 86 5 47 80 0 76 38 4 23 16 74 87 44 38 43 52 8 65 68 80 58 7 48 85 31 56 98 24 53 93 61 66 3 68 79 16 3 21 70 51 94 55 76 98 61 27 31 2 77 25 71 43 39 72 15 78 57 61 49 44 77 14 51 30 54 8 84 76 58 26 49 86 94 17 85 2 31 49 24 4 24 96 46 28 21 17 27 30 53 0 59 42 72 
26 73 80 4 45 43 53 43 55 43 51 76 85 48 21 87 12 47 7 37 44 19 81 68 23 9 37 80 53 22 58 67 6 13 68 43 4 98 86 6 70 61 69 52 95 52 36 68 5 42 40 53 51 4 27 6 91 12 81 35 6 72 89 32 85 84 69 71 79 77 82 14 61 1 66 83 50 29 73 70 73 68 75 11 82 4 15 2 86 62 51 92 17 50 99 98 72 37 66 11 
83 64 88 27 59 25 92 49 38 44 56 62 39 10 61 37 96 77 49 81 68 66 85 17 25 90 97 10 1 68 11 12 62 61 87 8 79 47 51 56 12 65 64 41 6 89 53 7 89 62 1 94 87 85 42 16 79 71 1 69 28 81 48 69 33 43 99 77 22 52 57 48 26 93 68 3 2 43 10 36 37 90 21 39 66 17 25 77 19 71 29 8 46 81 28 31 17 94 8 62 
89 75 84 36 5 52 67 94 17 39 13 35 60 65 32 37 60 9 3 15 18 22 57 50 23 48 2 44 64 37 85 8 35 48 46 61 5 85 33 14 49 31 60 79 57 93 47 81 49 90 70 7 91 92 44 67 17 33 12 56 49 22 29 79 53 5 0 12 18 70 32 74 75 88 66 87 61 78 93 29 1 21 95 74 66 77 17 42 3 79 43 71 72 77 64 26 1 80 26 52 
92 35 63 78 58 95 32 2 26 57 5 39 40 83 54 28 27 55 13 75 88 58 8 38 27 60 2 97 23 39 85 81 52 40 36 65 58 16 15 70 45 14 15 46 73 3 30 89 22 36 98 46 66 50 64 34 26 24 51 97 93 35 78 86 71 24 87 0 46 88 69 11 39 43 30 73 42 62 65 23 30 13 74 87 40 39 14 1 76 2 39 34 65 18 76 9 35 29 74 48 
16 30 43 33 66 87 6 23 19 90 91 63 59 27 67 80 60 91 46 32 10 85 23 43 49 35 46 21 66 21 38 13 88 16 7 99 69 40 20 53 32 90 82 86 10 76 75 37 50 96 48 44 82 42 38 30 6 99 84 31 41 85 56 98 51 78 75 42 19 67 10 20 70 93 99 19 3 37 33 73 60 8 70 70 72 94 30 46 78 77 92 70 55 89 11 47 33 83 34 32 
0 32 17 82 85 28 73 89 42 18 26 68 66 11 71 32 15 86 26 57 47 29 64 42 75 40 64 81 81 52 85 19 3 0 72 27 90 87 84 43 20 40 3 59 51 24 3 44 17 79 32 47 57 76 84 71 68 75 7 45 63 92 8 90 33 6 65 65 39 43 41 27 1 82 37 6 25 5 91 50 36 20 63 2 19 38 62 27 15 0 59 14 79 39 80 27 32 12 26 44 
59 37 4 74 37 4 45 75 39 78 45 62 84 57 8 43 28 6 70 94 44 38 50 39 84 26 48 62 2 9 74 13 79 46 91 98 16 89 64 15 93 86 87 37 54 96 30 22 31 37 98 25 41 31 99 20 87 65 89 10 55 83 73 29 3 32 83 37 65 9 26 39 41 55 1 57 50 12 84 88 96 26 30 64 10 48 71 47 47 70 10 50 99 54 59 9 13 58 33 22 
12 92 56 21 10 59 84 86 30 41 70 74 80 1 13 29 52 8 19 54 60 36 90 94 99 76 39 87 95 91 44 91 78 62 75 4 70 9 54 51 64 85 17 5 0 35 69 98 40 30 57 5 39 78 61 76 1 61 22 34 19 96 90 38 97 78 96 18 25 9 58 42 53 68 90 75 18 84 94 63 6 40 46 64 34 39 52 99 0 99 2 8 87 20 31 67 94 79 8 21 
39 51 73 31 71 15 51 70 88 85 57 16 67 59 28 78 50 26 4 58 25 96 17 25 6 50 54 32 36 22 80 39 76 73 23 54 67 14 92 18 87 81 11 14 42 86 40 28 92 52 17 68 74 50 95 43 33 48 25 21 60 18 34 66 5 17 40 94 35 73 11 35 33 85 70 43 84 3 82 20 10 26 40 84 5 12 65 25 77 79 21 19 89 71 58 68 47 44 9 25 
45 46 92 19 40 81 35 89 79 51 58 30 65 4 10 33 78 49 61 92 52 14 16 56 51 92 46 61 26 2 96 40 93 57 74 63 33 21 43 23 77 75 45 26 20 91 53 84 60 24 89 97 83 17 73 31 30 35 67 48 35 73 62 77 55 18 36 7 30 47 0 57 6 37 15 76 68 90 36 60 38 61 0 2 12 98 56 76 84 43 32 97 53 95 88 3 13 68 70 1 
54 45 54 13 24 32 91 46 2 96 62 40 99 7 10 74 72 60 65 57 62 60 23 87 14 2 4 11 48 11 63 0 19 34 5 92 6 87 77 80 6 9 73 87 80 92 98 45 84 14 31 52 3 13 39 93 22 67 98 22 28 80 98 90 33 62 20 65 1 17 67 85 83 84 50 52 86 35 7 22 4 58 26 34 80 10 96 6 95 12 70 39 89 55 51 25 11 83 54 17 
71 33 44 67 46 45 69 18 62 86 6 86 60 75 18 69 54 63 10 22 65 14 69 89 47 28 95 27 33 25 41 3 81 89 50 71 13 58 87 34 40 78 43 9 5 83 78 13 36 81 71 47 73 31 52 57 63 55 19 18 50 41 85 37 44 3 5 70 25 47 56 95 76 75 82 86 71 59 83 64 49 81 91 51 53 93 30 49 37 93 7 58 39 69 84 98 93 5 64 2 
77 8 88 89 25 75 71 97 49 65 85 3 71 55 68 68 50 33 83 50 72 56 33 31 39 97 56 6 91 83 93 65 94 81 86 41 93 1 25 78 22 32 0 71 8 3 86 83 0 16 48 59 21 13 29 21 74 57 50 28 19 64 5 66 71 19 9 90 69 27 74 49 8 5 28 40 55 61 23 36 10 72 6 75 34 34 44 80 51 64 67 36 50 96 59 57 26 34 0 88 
94 95 14 73 41 98 50 16 85 89 65 12 33 13 17 46 58 30 31 37 75 28 39 4 60 38 98 11 46 71 13 21 61 34 41 14 58 32 34 36 83 27 95 61 98 54 2 36 78 12 98 96 3 62 13 66 56 9 13 2 99 38 69 14 76 44 50 99 71 3 88 26 96 94 54 47 32 77 6 5 36 61 33 33 72 16 18 98 21 75 57 48 19 31 36 44 57 81 85 54 
3 3 65 75 24 72 0 8 8 65 33 79 3 8 66 38 5 36 41 59 25 52 77 96 45 39 7 64 58 9 89 50 91 51 1 33 96 57 9 99 16 10 89 55 41 78 45 10 65 98 39 21 39 26 29 51 25 68 29 85 65 35 49 99 76 83 87 51 6 33 41 47 26 42 42 14 62 21 54 66 93 96 99 60 70 67 10 65 22 50 7 27 27 24 34 81 60 90 79 58 
90 94 4 32 56 91 95 97 83 14 88 3 14 63 91 69 36 89 29 8 72 22 29 56 25 13 19 2 7 61 54 72 42 95 75 99 91 67 3 78 72 13 82 8 61 4 13 64 32 65 45 70 61 71 86 68 64 48 6 43 71 92 89 21 60 16 60 19 87 92 77 69 86 50 36 58 39 21 94 20 0 54 69 42 16 83 10 71 8 6 34 43 60 60 6 79 23 60 47 44 
43 93 77 40 87 75 84 10 34 27 28 43 53 86 42 16 23 47 5 76 5 89 10 80 57 33 8 26 43 56 35 79 73 50 76 6 77 29 54 40 99 0 36 80 78 91 90 73 17 89 56 75 54 71 38 53 83 97 83 54 67 57 66 78 92 49 70 2 9 35 39 94 92 64 77 5 53 29 2 66 42 35 8 53 0 59 24 1 11 23 23 80 45 0 73 41 33 57 88 28 
20 87 64 82 50 61 83 90 93 32 0 53 94 17 11 32 48 13 77 32 24 68 91 86 11 59 48 91 91 35 72 95 41 73 45 54 70 26 3 39 76 34 7 78 22 70 85 28 88 41 92 20 80 56 4 52 96 78 70 90 13 91 98 58 60 4 12 21 71 56 61 22 9 38 56 89 60 12 63 41 74 19 3 50 42 51 15 84 69 93 58 92 55 12 25 84 36 49 17 18 
57 63 57 31 79 70 10 42 99 14 91 83 14 29 16 93 88 48 15 8 89 27 52 78 98 69 66 97 12 72 53 10 94 44 83 10 62 71 70 72 40 73 84 54 1 74 77 26 95 32 95 87 34 8 29 30 11 78 33 10 4 13 29 27 60 81 89 70 46 6 31 17 77 42 67 16 43 97 76 23 91 40 1 80 76 65 75 85 15 53 98 83 37 59 68 27 43 56 93 20 
85 7 80 88 1 77 10 91 40 12 87 14 1 9 19 64 12 48 50 95 5 3 54 93 8 47 79 18 74 40 72 86 3 56 38 84 60 12 79 99 55 83 44 3 66 83 82 27 40 3 14 94 6 98 15 82 53 87 80 53 97 91 17 0 40 0 10 45 71 35 4 0 69 51 39 21 58 51 27 24 65 51 78 71 26 77 80 4 41 55 30 72 31 25 1 63 66 44 62 65 
73 36 56 5 99 14 25 54 59 94 23 2 59 56 88 45 13 46 73 63 20 6 3 15 4 31 68 44 50 75 54 13 88 61 51 28 95 73 71 11 51 25 45 47 32 28 13 75 36 55 50 20 70 99 44 66 32 40 0 68 46 81 3 83 39 9 13 98 5 60 50 40 74 61 11 95 60 56 83 76 18 93 7 95 25 33 42 89 17 84 95 54 72 2 65 70 21 62 7 22 
14 14 70 76 4 9 46 8 88 49 6 76 57 24 50 53 73 8 57 6 67 24 80 20 64 95 68 71 96 40 73 97 49 61 61 3 22 31 90 15 87 34 0 68 77 19 97 47 52 12 96 13 4 0 55 89 34 49 11 9 41 74 12 47 76 8 26 96 63 47 30 42 18 42 19 33 24 12 43 45 98 20 19 83 43 59 93 49 6 71 68 73 19 81 74 12 21 53 92 69 
93 1 84 5 82 53 94 62 80 22 65 22 5 65 10 21 54 28 3 16 15 77 89 91 78 56 23 37 68 6 11 70 19 74 52 96 36 14 1 90 65 31 68 84 5 46 67 54 70 53 58 92 49 76 53 15 11 92 26 26 30 57 93 74 10 94 2 31 13 14 85 40 27 13 51 83 8 5 86 32 88 69 66 15 48 18 21 43 20 36 85 43 87 75 59 7 37 94 73 10 
43 35 40 56 68 18 64 35 24 70 7 5 6 94 37 61 91 78 25 91 73 59 11 76 28 41 52 52 54 44 46 14 32 75 88 52 28 10 47 30 54 85 18 50 29 79 36 93 37 98 15 58 68 82 37 84 24 64 27 26 65 12 81 80 23 93 73 31 5 84 33 80 31 94 37 87 40 61 46 48 4 59 14 56 28 87 45 50 38 4 28 63 82 20 64 41 4 37 26 36 
6 5 87 53 64 35 27 73 44 49 44 63 17 79 21 6 98 25 52 36 47 23 92 1 56 69 98 10 30 95 83 2 34 10 42 98 71 60 91 93 59 71 5 88 60 64 46 3 99 58 43 78 84 89 88 83 12 86 97 95 36 16 43 48 66 41 28 6 36 22 35 37 34 59 77 76 17 4 40 91 23 94 11 71 52 5 17 45 21 59 85 84 63 96 56 42 27 56 22 19 
36 39 66 76 22 6 43 25 12 12 65 8 46 5 71 41 5 71 96 60 23 82 85 77 37 50 73 38 3 34 48 61 82 21 54 84 28 35 49 46 61 92 33 9 94 77 38 57 24 14 37 55 60 61 95 53 53 89 39 71 32 5 21 77 63 4 26 24 51 87 13 69 22 49 99 31 49 75 83 59 12 15 13 88 97 92 0 20 26 1 30 38 96 77 14 55 70 55 45 90 
51 13 6 37 1 67 32 11 61 63 4 78 6 79 59 16 91 32 80 70 3 5 98 50 56 74 73 45 35 43 60 93 29 93 8 99 9 76 87 29 60 89 59 62 96 52 32 17 18 97 64 38 75 74 86 45 15 56 80 26 94 87 75 17 3 10 48 12 70 60 7 15 45 50 10 14 45 35 53 4 42 56 27 37 79 22 17 54 6 62 83 53 95 61 35 73 13 41 58 86 
3 19 46 57 90 48 92 25 64 72 99 79 3 76 83 37 59 37 37 81 92 93 6 7 76 54 19 84 14 37 0 4 76 67 1 22 10 69 47 30 29 92 90 34 63 3 49 19 77 98 13 75 3 77 93 9 13 38 81 36 29 8 10 27 71 95 3 36 75 60 27 89 90 7 52 99 3 72 44 73 4 0 6 16 23 24 0 99 73 91 9 71 88 11 1 20 82 63 62 67 
0 13 43 16 70 24 85 96 25 93 6 41 93 8 31 28 1 93 3 47 94 3 62 83 51 55 0 78 5 31 17 40 10 77 72 90 56 90 46 99 39 4 74 79 85 68 78 80 80 73 19 88 59 15 73 96 51 59 64 14 23 7 91 93 76 66 31 16 35 41 71 11 47 4 7 90 29 82 98 82 77 20 98 32 12 28 80 95 4 75 39 96 25 31 75 31 12 80 3 19 
37 62 45 38 1 8 41 55 7 82 67 68 61 82 37 3 8 59 81 47 85 36 12 59 1 75 85 16 29 75 77 48 79 79 45 15 74 59 30 4 87 24 87 21 8 70 35 43 94 72 23 53 99 56 33 1 49 85 36 25 22 25 26 31 5 18 89 82 36 22 28 49 28 77 59 60 48 90 50 31 40 41 21 57 52 24 49 23 46 43 65 88 22 4 81 62 98 56 16 89 
81 53 6 72 43 73 24 21 96 72 53 59 35 5 85 80 3 69 78 80 69 66 35 93 56 39 26 23 95 97 62 91 74 61 49 86 35 49 13 79 99 27 27 73 90 5 53 16 19 0 59 29 78 35 20 15 17 13 15 3 46 1 26 98 10 61 85 74 55 99 45 53 55 99 81 41 39 62 2 50 85 9 4 94 37 32 12 38 40 34 69 22 34 9 32 97 1 28 63 28 
20 79 60 19 55 6 73 79 53 79 76 55 10 64 18 37 96 31 60 77 49 46 33 21 29 22 18 46 67 83 39 10 98 74 30 6 48 84 39 31 58 33 84 61 58 14 11 70 91 95 0 70 67 85 79 74 46 39 90 32 87 27 12 70 39 65 56 36 34 12 88 12 91 28 19 15 61 72 62 15 10 47 55 72 83 69 43 12 95 55 59 9 94 6 43 30 21 14 21 93 
57 75 36 79 6 88 78 38 66 63 12 74 76 74 21 39 72 40 87 70 21 43 41 78 52 78 18 85 84 88 94 47 50 69 57 35 11 76 65 94 90 4 46 31 43 85 32 19 84 4 58 81 27 51 71 13 34 58 26 28 70 93 53 78 69 64 23 6 17 86 28 96 74 92 80 16 97 9 34 66 45 98 0 80 29 12 20 98 98 43 0 53 49 37 24 97 51 68 61 78 
61 26 2 97 75 61 6 34 71 54 16 24 23 59 82 71 92 72 48 56 44 25 8 73 86 74 47 37 68 82 65 28 48 55 5 19 96 3 5 68 6 85 27 43 27 75 30 89 54 53 4 78 20 4 33 36 17 29 11 0 14 68 66 88 89 87 76 67 54 62 74 89 67 80 50 59 97 64 45 10 44 57 83 15 77 86 8 43 22 69 1 67 91 4 53 37 18 38 54 39 
98 62 35 91 78 15 11 39 54 74 38 53 83 1 56 57 85 51 10 2 79 33 45 84 60 6 97 63 26 13 41 59 10 6 11 82 21 91 36 61 75 68 89 47 30 48 84 90 48 95 51 67 27 51 60 64 17 50 31 71 18 48 12 40 33 79 42 76 89 73 35 94 14 48 27 10 44 97 54 11 22 7 15 31 61 73 31 58 46 47 65 70 60 64 43 27 55 48 14 51 
6 7 0 74 59 57 52 79 23 49 20 19 96 19 49 10 32 81 79 59 47 84 30 42 8 65 34 50 4 0 54 96 83 2 5 14 6 40 71 4 21 52 34 96 26 45 74 40 15 33 94 73 69 54 3 21 77 58 65 94 23 1 74 23 94 23 35 94 13 34 3 91 10 74 37 95 49 33 15 62 90 93 34 71 6 80 26 28 98 83 37 48 74 76 80 20 77 11 1 2 
10 79 27 80 30 2 63 94 17 8 72 43 43 3 3 30 66 3 16 14 97 7 95 29 97 55 17 34 94 17 17 38 31 12 52 11 65 54 40 3 17 32 11 90 11 93 4 71 72 50 53 74 94 87 5 2 84 97 82 75 85 28 0 0 90 33 12 31 50 92 64 12 62 12 96 64 96 5 17 4 50 45 61 43 64 43 43 43 6 49 27 67 72 65 18 88 32 10 99 77 
81 73 20 79 85 41 12 81 91 41 6 78 79 78 24 39 67 56 36 46 90 68 25 0 65 96 39 96 94 7 32 85 6 40 22 77 24 81 57 22 30 62 52 65 43 48 87 93 41 78 21 75 74 52 87 12 48 19 14 89 1 16 87 83 8 20 72 39 55 46 14 85 99 13 15 28 16 59 57 16 8 46 54 15 86 57 10 53 52 10 29 4 67 68 21 14 74 68 56 22 
76 48 38 94 63 35 75 61 37 59 96 88 62 97 80 55 61 71 97 50 10 19 86 45 17 10 17 31 91 1 53 47 3 34 40 60 7 59 51 50 82 49 15 93 13 41 42 70 87 66 53 3 71 5 12 57 61 92 77 53 18 44 69 36 6 48 85 28 56 19 47 1 20 46 68 61 3 93 31 75 67 47 43 25 47 50 76 97 22 82 99 14 81 97 32 37 79 79 86 64 
55 14 13 68 19 51 82 24 37 51 54 67 60 1 86 70 0 44 88 56 72 88 6 74 20 32 20 22 14 30 82 23 7 67 20 53 33 75 6 96 67 52 60 70 28 31 53 80 11 61 36 34 91 30 92 67 8 39 47 86 31 60 10 6 69 31 60 93 81 32 37 25 38 91 88 20 28 35 45 88 78 40 10 52 94 47 31 76 74 52 45 94 27 19 65 6 41 53 1 97 
71 60 98 79 24 10 95 99 41 72 39 72 93 58 8 91 49 57 11 21 99 83 18 29 86 42 98 18 26 81 78 74 33 48 17 18 41 31 28 83 51 31 35 2 12 72 0 68 11 74 57 84 41 79 97 87 41 68 92 81 12 76 73 59 94 65 38 44 41 89 49 18 28 28 70 67 48 16 17 13 41 29 7 51 24 93 32 54 50 30 76 72 38 46 70 74 57 75 8 46 
34 56 26 21 24 38 55 13 9 30 38 25 51 78 39 82 69 22 34 0 33 84 94 11 13 76 79 82 57 95 9 73 7 70 79 85 3 85 26 85 37 19 44 20 91 51 21 60 6 88 5 35 40 8 13 50 62 15 8 48 59 73 55 14 20 65 17 80 99 54 79 83 95 49 62 13 39 73 20 61 54 19 75 69 90 74 32 99 57 29 23 87 77 78 26 64 64 30 0 26 
34 40 61 52 8 21 40 91 45 99 10 88 95 46 93 40 98 85 23 46 32 17 23 69 30 91 5 16 22 98 49 8 73 93 27 14 58 22 60 68 33 40 54 57 19 34 92 30 84 86 65 78 6 53 93 16 17 91 21 16 16 23 68 46 50 1 15 1 19 79 81 75 24 55 12 91 63 66 50 96 99 74 32 36 32 70 1 19 0 11 96 66 1 44 52 10 72 7 7 17 
19 90 11 5 4 90 54 51 41 1 52 51 40 25 16 41 91 31 14 79 99 95 0 7 82 15 74 80 3 2 19 56 58 33 76 9 62 26 32 42 16 50 78 99 58 45 25 75 27 11 18 40 93 28 17 23 89 4 22 89 15 74 48 38 81 95 92 7 48 7 78 64 99 71 62 49 17 0 48 37 89 98 52 92 83 79 63 30 15 52 19 58 4 43 27 42 2 39 18 62 
52 18 26 20 32 54 40 21 65 68 6 88 55 85 99 16 21 56 55 2 32 62 92 95 87 19 60 56 43 20 47 77 82 85 84 71 71 32 59 28 38 41 65 47 45 30 3 19 43 10 20 45 84 15 30 90 26 31 32 13 94 84 77 44 21 29 6 69 0 28 44 88 96 26 64 90 96 44 50 57 16 40 13 32 0 1 93 66 55 94 45 40 0 46 34 53 63 20 26 16 
24 34 18 14 66 31 49 57 51 39 93 81 80 75 97 53 71 44 44 19 35 39 13 5 83 3 88 50 92 10 27 76 18 33 32 81 21 98 66 68 52 35 15 15 0 63 59 25 49 80 81 18 76 6 80 84 20 13 30 62 43 98 64 40 12 17 62 47 42 15 31 73 78 76 67 99 24 98 4 20 43 63 1 12 28 8 99 12 52 48 61 8 67 3 25 53 71 74 3 83 
0 12 83 34 48 8 40 0 38 80 60 21 8 10 19 80 97 52 11 4 17 50 94 94 53 22 5 74 51 13 28 49 94 21 19 31 80 67 63 20 68 99 73 71 87 39 0 57 84 44 56 18 62 99 66 50 17 89 80 25 3 65 48 24 51 10 27 86 91 88 99 29 89 91 35 17 77 22 6 13 22 48 90 6 57 10 87 95 55 69 13 91 86 37 16 3 50 48 20 76 
12 14 65 96 44 26 28 70 63 48 72 94 82 67 3 55 74 42 67 41 23 31 31 22 74 8 43 51 74 32 66 29 2 30 0 7 82 94 61 30 82 16 31 7 96 18 8 19 34 61 28 8 80 78 53 80 82 43 21 36 83 76 96 30 81 43 91 52 66 95 73 80 81 36 58 6 99 24 25 55 0 23 17 13 4 58 48 23 77 20 25 38 72 25 47 5 20 1 25 52 
26 56 53 38 88 48 26 43 20 46 81 58 17 65 35 59 58 82 26 22 95 68 75 46 70 34 7 56 89 53 86 98 98 72 29 43 70 79 25 55 32 4 3 30 38 66 20 6 89 87 46 37 74 3 57 58 81 7 68 53 41 70 54 67 59 82 60 44 36 91 89 79 57 71 90 90 64 44 7 4 13 0 66 1 6 48 24 94 15 70 62 62 10 71 14 61 50 36 71 56 
5 76 69 97 98 66 80 3 13 67 94 36 0 63 39 40 4 52 60 10 58 65 29 66 29 26 68 85 56 28 40 27 73 50 98 37 30 68 3 39 68 20 81 47 76 25 62 47 31 74 57 98 76 60 98 39 46 3 68 72 97 94 47 84 27 66 63 49 65 2 9 35 49 21 42 37 84 81 90 3 63 21 53 81 71 41 51 12 52 58 91 27 0 31 41 73 73 97 20 9 
61 12 81 29 65 22 48 54 18 60 55 64 13 64 8 76 41 65 12 85 15 51 97 6 10 82 34 17 79 68 63 86 61 80 41 50 40 23 16 49 93 96 94 91 3 26 13 35 22 65 32 8 85 35 94 10 15 74 19 82 87 31 75 49 97 68 3 32 23 57 35 17 48 63 92 18 57 6 3 83 68 99 95 13 36 55 1 25 85 31 35 65 4 33 61 61 21 44 94 34 
23 81 12 65 29 14 60 21 43 76 53 9 71 35 14 87 35 61 12 41 67 78 46 92 21 70 12 14 1 30 97 12 11 68 60 86 87 29 84 21 94 79 82 9 77 26 94 69 19 73 26 59 32 52 67 45 34 20 43 59 2 46 20 13 78 41 97 2 74 28 0 5 77 91 47 87 95 37 14 94 75 43 95 27 4 37 80 58 1 15 52 67 86 24 19 47 59 68 30 36 
29 92 94 91 73 20 82 40 5 80 49 97 5 48 83 58 51 93 9 41 61 38 0 59 75 33 19 52 71 99 28 26 6 77 65 83 48 4 53 83 55 39 53 21 65 55 61 37 40 60 96 65 59 89 75 90 91 35 15 40 0 29 69 5 51 22 91 28 82 0 10 47 39 25 85 22 84 79 93 20 71 81 12 11 3 62 67 16 1 75 92 13 88 13 83 26 70 48 69 43 
63 32 54 40 50 49 26 34 4 53 5 11 41 95 68 19 16 57 2 88 55 75 26 7 8 96 58 25 42 58 51 36 9 50 56 38 26 72 61 53 36 32 11 48 69 80 72 93 45 63 9 12 45 80 87 88 5 47 31 53 90 0 92 46 1 69 1 90 38 29 92 44 96 48 52 22 63 78 37 27 24 65 80 78 48 39 90 29 62 67 33 79 40 7 63 36 40 65 46 0 
78 81 54 15 71 65 15 97 28 64 25 27 9 4 28 24 19 13 97 61 78 72 28 71 96 13 4 88 84 15 82 97 32 37 49 42 10 65 6 83 24 93 0 97 42 5 69 35 78 39 17 26 68 84 21 5 53 83 19 58 60 26 12 12 82 27 95 71 55 86 14 53 7 13 37 85 72 30 29 90 43 68 9 45 98 56 29 47 16 43 89 26 46 48 23 97 80 87 15 14 
10 97 80 92 25 63 19 54 47 35 33 23 54 28 15 91 16 67 14 26 98 47 55 11 96 87 7 58 90 40 5 84 15 14 79 45 88 17 20 34 36 74 0 81 9 65 72 17 33 31 80 13 72 88 16 63 42 68 95 37 55 60 64 6 30 48 8 40 49 69 3 99 46 80 89 23 47 73 2 30 14 90 25 59 59 91 12 26 98 16 3 19 21 82 78 76 10 93 50 61 
57 32 68 63 27 80 67 92 99 93 15 68 66 64 22 65 34 4 47 38 36 82 41 32 66 84 78 63 1 13 12 54 23 40 73 82 21 61 32 78 24 19 26 5 1 34 53 56 59 13 41 6 45 12 24 75 90 36 97 43 2 3 91 86 80 60 45 25 91 40 44 73 72 68 14 17 55 36 31 31 31 22 3 88 71 6 8 10 16 97 92 85 63 88 76 20 28 40 24 40 
88 27 64 19 69 68 33 77 97 7 20 53 5 66 11 80 99 3 14 74 52 34 9 94 48 58 9 83 92 93 89 14 12 90 42 3 57 83 19 3 72 31 13 8 77 38 80 97 77 95 21 24 26 49 88 54 17 70 71 10 59 50 84 4 18 5 41 14 23 7 23 15 84 10 2 20 21 0 17 9 78 11 6 96 72 64 88 63 1 88 86 87 12 8 44 21 46 8 90 71 
97 65 73 69 72 5 40 15 46 67 32 16 53 62 31 47 43 87 32 54 17 77 12 34 21 35 3 75 66 80 74 12 10 45 12 13 38 37 24 66 23 72 17 34 56 69 33 50 77 97 77 58 76 36 54 19 52 38 47 36 2 65 49 65 93 19 6 7 49 18 8 6 63 65 30 45 60 78 78 52 1 53 97 69 3 15 36 74 91 93 60 99 89 87 64 58 23 51 40 36 
63 25 0 59 88 71 95 10 5 8 58 73 60 95 34 48 67 80 62 78 83 31 16 56 57 9 16 75 1 72 22 8 38 41 88 76 52 38 81 31 19 25 69 82 34 87 39 94 52 15 90 42 89 61 53 31 9 44 1 78 54 20 9 32 86 50 35 18 6 58 96 28 99 30 59 58 62 34 21 69 70 21 22 86 82 79 19 76 88 56 66 8 36 2 77 99 16 36 95 84 
51 20 88 94 19 61 43 59 2 94 69 75 22 31 8 32 97 23 50 7 30 58 29 49 92 87 92 96 53 59 41 25 38 37 17 49 33 28 66 20 35 60 74 93 87 91 85 4 94 44 2 93 86 87 53 93 91 38 2 31 69 47 6 42 53 44 36 85 13 58 99 68 56 29 72 70 84 35 62 1 2 87 2 8 57 48 38 50 83 24 58 94 26 35 50 87 54 31 40 43 
54 0 90 36 45 33 36 56 14 82 9 55 76 1 29 82 45 97 84 4 5 85 1 89 99 4 42 21 78 84 16 52 94 19 46 1 96 65 63 24 12 82 35 1 15 2 18 25 5 68 42 56 46 36 38 68 99 1 36 40 90 14 77 30 66 56 61 57 54 27 86 79 34 60 91 23 50 0 73 97 86 17 15 10 42 60 6 57 81 78 2 94 29 22 34 97 4 5 34 59 
40 60 71 77 82 63 22 86 45 14 18 99 27 38 54 73 98 67 87 5 50 3 76 75 25 91 49 11 26 93 18 44 65 14 56 25 46 38 28 78 37 20 12 66 60 2 67 90 67 60 98 37 17 28 9 37 84 95 51 90 14 10 59 51 95 74 34 13 82 29 26 60 38 9 68 29 91 10 15 23 24 58 43 65 95 81 26 36 5 19 40 50 86 37 64 27 60 61 70 86 
68 54 8 38 34 37 98 8 60 79 45 74 79 28 66 55 66 94 55 14 47 98 7 63 88 75 74 0 44 40 69 30 40 29 55 69 50 5 31 57 83 17 75 25 73 66 71 58 71 9 60 66 5 56 38 69 46 45 49 58 63 98 63 19 9 15 34 50 73 96 4 61 63 98 31 30 22 81 89 21 4 16 29 35 80 3 25 84 90 85 23 5 55 73 94 85 54 55 16 58 
32 20 84 74 5 99 3 6 24 8 47 64 55 28 53 47 68 28 39 6 89 50 59 87 73 98 5 90 4 46 75 67 65 30 89 84 31 54 30 81 0 18 59 82 38 58 49 27 19 47 16 25 16 9 69 82 60 96 1 6 93 13 2 78 32 79 99 25 38 69 15 14 98 57 6 71 90 77 49 14 48 78 70 57 29 50 51 56 61 6 23 34 52 23 88 87 15 80 50 58 
59 24 88 50 31 1 27 58 3 97 91 83 46 86 57 14 42 45 49 82 28 43 64 31 45 80 61 74 69 18 55 10 26 91 55 24 89 19 25 28 22 92 52 63 15 39 87 66 66 73 44 69 31 68 29 16 59 56 5 50 40 53 88 84 41 80 56 55 31 32 25 22 20 20 59 35 90 1 16 5 93 95 7 95 74 86 79 58 61 38 64 32 14 75 88 69 4 68 21 34 
82 32 34 33 48 22 49 10 9 94 25 58 40 99 57 44 45 92 10 55 0 98 93 93 68 92 7 44 32 89 31 22 79 82 23 60 61 74 47 52 36 69 49 67 12 5 92 15 17 43 24 11 57 65 33 84 38 40 65 55 14 4 77 19 62 3 79 58 76 96 83 71 45 58 19 31 48 25 80 62 0 92 27 89 64 20 64 14 48 38 22 20 8 91 37 31 91 29 5 9 
26 34 39 21 60 53 65 99 45 2 35 12 60 3 55 22 77 88 54 42 39 64 9 37 73 62 62 54 20 88 39 18 20 71 35 65 52 5 28 11 54 64 68 45 2 9 60 4 35 15 53 3 75 63 70 62 24 2 47 97 90 11 79 57 63 17 92 88 68 90 69 72 59 43 87 74 96 63 34 64 2 57 18 4 34 36 43 57 1 73 41 50 57 31 20 43 85 10 82 85 
17 71 36 45 46 81 43 31 76 95 65 60 67 83 95 32 92 74 23 27 73 34 87 95 49 19 14 28 22 43 88 85 81 48 47 30 21 73 58 52 92 11 81 5 7 80 82 74 36 88 50 10 87 55 12 82 84 41 95 27 66 15 9 32 7 80 79 18 35 64 11 19 16 70 34 61 53 81 87 68 36 40 91 34 92 78 97 25 36 64 46 80 77 30 85 76 2 48 98 26 
0 63 38 71 76 31 93 16 21 50 29 2 53 26 90 26 24 74 39 29 82 54 82 71 18 30 41 85 85 57 59 4 83 61 68 72 1 19 57 60 84 81 4 85 34 43 26 50 39 58 52 27 9 69 43 46 81 66 53 45 90 7 31 63 91 25 18 91 58 18 25 4 17 78 44 1 49 96 36 74 4 90 46 26 5 31 95 14 17 21 90 34 66 11 70 76 50 41 94 9 
24 35 91 21 33 48 9 30 24 42 97 85 30 78 41 99 61 4 58 60 30 4 74 37 27 90 38 6 8 67 50 8 2 27 50 68 98 24 93 56 21 65 90 74 23 5 4 87 69 70 15 45 83 34 79 20 60 54 93 42 10 3 21 56 91 88 82 3 28 72 1 36 11 1 38 65 14 0 13 22 86 50 37 38 52 4 25 68 47 29 8 44 31 50 46 17 43 33 82 35 
22 0 58 96 69 78 34 81 95 14 6 60 40 70 55 59 66 83 3 87 63 14 55 99 64 56 5 60 54 20 21 80 17 78 99 85 91 40 69 74 70 43 73 33 23 48 4 60 95 87 51 60 30 95 71 7 45 59 32 12 72 74 27 74 93 26 42 61 70 69 67 25 14 28 16 19 41 22 75 15 52 45 65 66 69 61 50 22 6 92 40 32 8 56 1 95 16 98 39 97 
5 42 89 25 20 26 46 1 78 52 66 22 83 16 59 27 9 60 5 32 75 20 54 78 29 35 16 57 27 20 3 43 82 78 9 10 55 39 46 43 14 48 43 54 26 18 48 92 96 74 86 56 93 7 21 85 87 10 96 85 9 88 74 57 48 22 39 5 6 49 72 69 13 62 17 27 77 0 52 11 86 24 60 52 34 47 49 74 57 24 22 44 43 61 33 25 74 85 5 3 
78 43 86 47 2 17 42 31 90 94 8 87 57 84 98 85 28 21 23 1 73 64 47 81 26 27 25 52 28 91 52 91 94 49 32 43 37 13 50 17 4 18 84 63 16 35 86 58 62 48 97 53 61 4 29 13 95 4 20 75 91 90 3 99 41 16 92 8 52 55 47 14 71 6 97 55 80 84 65 90 40 67 89 79 93 99 29 90 19 19 48 33 92 75 25 14 14 85 21 99 
43 78 6 7 1 82 82 55 6 74 32 10 39 29 34 23 0 23 5 42 86 2 88 32 6 13 22 95 80 82 40 95 63 65 47 61 60 81 77 11 17 74 83 44 86 37 94 62 40 1 13 90 80 78 13 41 89 73 0 88 60 86 74 24 34 37 47 73 82 73 63 19 46 93 25 11 18 44 46 69 19 59 55 79 69 49 14 84 52 6 71 87 80 89 50 30 0 59 10 48 
90 20 80 67 38 93 44 86 53 1 22 45 27 31 69 1 31 95 54 85 22 62 20 76 1 76 38 57 43 94 11 59 33 97 78 98 78 87 40 75 4 28 31 51 84 26 59 49 20 49 99 5 4 24 25 27 0 4 66 62 55 87 43 58 89 62 11 30 52 70 22 43 54 78 80 94 31 69 92 75 16 89 36 93 95 6 54 8 71 50 98 74 21 78 20 17 85 72 61 21 
14 29 96 49 27 55 50 25 44 31 96 30 12 90 45 65 50 50 62 83 8 3 58 2 72 47 22 76 58 62 9 58 8 70 61 87 93 87 65 40 55 28 64 40 54 67 62 30 32 54 66 35 9 77 13 11 70 94 76 80 33 74 67 81 22 37 22 41 29 58 72 63 84 22 28 79 38 18 47 4 84 91 44 4 96 74 48 30 57 50 16 99 10 85 7 80 61 82 17 16 
45 21 1 73 81 2 50 87 49 33 72 52 46 72 95 41 30 62 85 47 88 91 83 79 41 73 53 98 15 47 18 56 0 30 59 63 90 70 22 93 23 61 80 23 77 64 52 38 89 65 50 98 97 69 28 53 37 21 31 8 49 51 72 1 15 15 51 15 12 32 51 59 40 91 24 27 10 59 1 77 20 15 9 49 97 19 59 30 2 5 25 68 38 13 44 71 89 79 8 62 
13 37 25 57 14 90 58 5 45 0 42 77 19 54 88 34 42 22 4 96 56 20 13 7 6 82 21 26 47 52 38 31 51 39 63 83 89 51 35 6 61 53 85 1 62 47 48 83 25 9 29 66 74 12 5 92 23 17 50 31 69 31 57 93 62 11 26 80 90 5 44 90 86 98 35 3 34 12 45 58 33 37 0 38 22 71 57 39 33 71 59 72 1 4 36 29 95 92 38 50 
21 68 93 20 65 38 79 75 77 2 57 11 72 91 97 32 31 19 70 90 54 87 46 19 45 72 89 82 62 5 7 42 73 94 37 65 44 80 72 83 92 81 62 31 13 47 99 9 6 3 98 75 22 47 96 33 22 73 74 92 49 96 13 71 94 15 38 77 54 32 88 50 47 86 98 73 25 14 6 97 72 79 75 58 7 31 20 25 97 3 43 70 5 79 34 95 67 90 37 97 
9 21 55 74 14 47 28 36 49 23 8 7 66 76 20 69 20 54 64 62 95 12 80 50 89 17 44 67 51 2 5 34 77 9 88 50 24 1 43 59 2 83 75 74 94 35 4 28 59 64 74 12 26 74 2 96 41 5 84 97 2 61 84 46 17 74 29 57 88 69 45 19 10 4 60 11 37 5 55 53 12 15 8 87 28 92 7 3 7 91 8 19 16 46 56 41 99 29 56 20 
5 47 40 89 19 55 2 22 14 90 59 35 49 31 84 86 53 97 18 25 67 26 49 97 60 25 2 64 47 18 12 8 49 35 48 65 75 18 67 73 90 84 89 16 32 73 69 85 61 70 87 1 10 31 52 78 97 43 28 93 52 37 75 95 77 51 86 14 83 19 11 35 29 45 34 82 37 33 65 87 56 17 2 77 30 11 97 18 82 69 68 32 89 74 20 52 9 94 39 80 
86 54 2 42 58 52 71 64 96 70 41 64 78 41 37 35 35 98 64 66 53 67 32 13 51 78 45 55 24 81 72 43 93 84 0 1 14 59 18 77 39 32 21 11 27 3 54 48 36 85 16 11 29 72 27 19 21 88 91 80 7 15 39 14 97 98 70 93 40 35 20 76 79 86 26 20 46 21 86 47 24 96 18 39 64 61 13 21 57 81 80 26 67 38 70 23 92 6 13 29 
33 60 8 1 65 40 31 43 46 6 72 0 2 44 55 10 97 0 50 36 84 49 36 58 55 93 8 41 16 3 27 39 8 57 14 63 88 17 73 23 29 70 75 51 9 80 24 23 82 59 26 92 56 76 44 83 24 49 46 71 32 90 27 42 78 33 92 45 30 91 22 80 26 26 7 13 74 85 49 75 69 84 58 56 76 35 82 31 12 30 39 38 70 2 91 38 43 32 72 75 
88 78 93 90 37 46 65 30 68 30 9 39 0 71 1 47 31 70 66 42 50 60 32 99 52 83 9 24 34 68 70 42 12 73 86 90 91 68 18 30 69 52 62 81 21 99 38 98 0 43 7 72 65 29 25 27 45 93 37 53 36 41 96 99 60 67 26 26 84 11 56 63 51 35 73 98 97 51 78 52 45 10 24 90 61 97 76 83 48 59 44 97 30 64 94 28 56 62 20 53 
73 11 14 89 87 44 21 30 56 27 29 94 15 84 8 25 17 5 38 63 90 43 78 25 66 58 32 86 41 44 41 34 30 24 79 33 96 35 3 17 75 46 26 20 29 50 82 45 56 69 11 51 24 57 63 29 32 89 22 28 11 34 89 12 85 94 63 90 5 75 28 82 1 20 87 44 17 58 95 15 76 87 30 72 32 90 10 73 61 49 0 7 12 74 6 41 56 14 35 34 
86 91 40 81 40 29 49 3 69 18 12 74 94 7 51 23 3 17 79 94 84 89 29 55 74 21 69 27 14 46 87 2 22 60 28 85 47 49 31 3 41 6 4 42 36 26 13 5 23 82 37 39 34 40 50 97 61 84 7 18 59 22 88 23 31 9 51 33 78 66 76 54 85 76 53 77 85 87 19 47 8 64 4 32 8 47 68 82 9 31 24 63 42 13 43 19 17 81 11 26 
74 79 26 56 5 83 54 58 87 73 12 74 65 59 9 94 18 56 14 83 41 69 24 46 41 13 12 71 32 33 59 4 75 92 73 29 37 47 27 25 93 9 95 36 19 49 97 83 3 48 1 61 66 27 85 5 55 80 15 91 70 82 26 53 13 7 98 72 85 80 57 70 29 89 90 31 73 87 27 92 15 29 68 83 32 97 37 47 6 68 74 57 32 35 54 10 83 41 22 11 
50 24 97 23 91 30 32 76 37 53 31 67 53 22 76 41 14 42 21 15 69 50 66 17 6 99 38 93 34 79 48 32 64 15 41 90 32 45 91 1 65 61 10 53 36 6 4 9 59 13 96 40 19 6 41 0 58 79 16 92 91 38 42 57 5 98 2 37 81 85 9 69 51 20 50 8 40 12 80 99 95 29 34 21 83 7 12 57 73 41 32 52 28 98 9 26 18 52 48 38 
3 66 27 74 4 27 89 99 56 33 59 45 99 16 97 61 4 21 74 97 85 44 64 40 53 57 40 52 10 24 90 87 64 42 96 28 2 60 17 56 18 13 1 40 81 86 53 11 1 48 21 97 78 50 52 58 2 87 20 46 86 36 88 31 43 71 81 56 20 68 59 44 4 17 78 72 43 24 58 67 4 29 50 62 2 92 9 13 90 37 26 15 39 70 70 81 25 70 97 9 
4 96 91 32 88 77 93 60 72 80 15 78 28 53 42 57 85 26 28 50 62 67 66 82 42 44 4 33 47 96 46 72 27 49 62 7 37 18 73 25 99 48 41 10 22 48 86 85 27 12 95 98 41 46 47 37 30 8 89 44 72 59 13 75 33 42 50 79 91 35 19 67 52 3 51 13 26 55 60 94 57 19 6 34 0 48 31 80 1 25 77 29 28 29 52 39 35 65 77 79 
97 7 93 92 93 28 46 37 95 33 10 74 47 95 86 53 53 78 74 85 11 70 77 66 58 90 39 22 51 11 78 60 78 81 97 49 25 14 41 72 1 93 85 68 14 2 81 32 43 98 86 57 91 91 68 26 30 27 34 2 89 23 85 83 54 49 96 66 98 36 27 38 36 2 83 17 85 8 51 55 8 6 79 53 25 21 69 86 12 70 19 98 80 38 83 77 7 1 14 64 
5 14 34 6 70 47 20 88 8 50 41 22 75 78 93 82 44 32 57 33 80 9 53 28 17 29 58 97 19 5 9 83 94 87 49 94 72 72 82 78 0 80 78 61 29 97 23 1 45 0 33 75 44 81 84 96 61 6 89 40 88 23 69 2 41 57 28 87 28 99 10 72 50 79 32 99 31 91 99 19 6 56 52 18 72 34 39 12 3 53 32 65 82 41 89 77 10 75 20 71 
68 35 73 45 89 60 25 64 48 84 64 69 7 69 34 31 70 51 29 7 18 15 84 74 67 44 89 8 89 54 88 56 71 28 50 70 83 7 29 12 9 74 63 18 88 63 58 12 6 57 7 59 45 13 52 53 50 98 78 44 71 16 74 94 95 8 98 79 18 63 48 63 22 17 97 44 51 65 85 3 86 76 1 32 47 29 10 57 75 97 19 84 29 84 41 92 0 69 23 80 
